1
5
7
9
11
13
15
17
21
23
25
27
29
31
33
35
37
39
41
43
45
47
49
51
53
55
57
59
61
63
65
69
79
81
85
89
91
93
95
97
99
101
103
107
109
113
115
117
119
123
125
127
133
135
147
149
151
155
157
159
161
163
165
167
169
171
173
175
177
179
181
183
185
187
189
191
193
195
197
199
201
203
205
207
209
211
213
215
217
219
221
223
225
227
229
231
233
235
237
239
241
243
245
247
249
251
253
255
257
259
261
263
267
269
271
273
275
277
281
283
285
287
289
335
337
341
343
345
347
349
351
353
355
365
367
369
371
373
381
383
389
391
397
399
401
403
405
411
413
415
419
429
295
315
317
319
321
323
327
331
333
339
385
387
423
425
67
121
297
299
301
303
305
307
309
311
313
325
3
141
143
145
421
131
